13981,15709,18631,21845,32767,53261,55831,13019
0,650,700,750,1050,1850,1950,2200
600,682,720,1024,1800,1920,2160,138
0.452028,0.376024,0.48403,1.27608,2.84418,5.45234,4.07626,0.156009
0.120007,0.124008,0.196013,0.180011,0.292019,0.512032,0.49203,0.080005
0.132008,0.136008,0.248015,0.240015,0.288017,0.564035,0.600038,0.100007
6.74042,3.06019,2.82418,4.60829,3.84424,10.5247,10.9567,1.06007
0,0,0,0,0,0,0.004,0
0.028002,0.032002,0.056003,0.056004,0.064004,0.128008,0.132008,0.028002
0,0,0,0,0,0,0,0
0.080005,0.084005,0.15201,0.14801,0.176011,0.348022,0.364023,0.068004
0.020001,0.020001,0.036002,0.036002,0.048003,0.096006,0.092006,0.012001
0,0,0,0,0,0,0,0
